-236
-799
193
798
769
917
-971
-185
726
-723
-510
-909
-935
-672
-561
-966
-430
-314
107
-285
-256
-289
821
-68
-148
-392
951
613
982
-487
903
-893
410
633
945
-67
-400
500
-297
551
-851
-603
-872
-283
-26
22
-253
972
-919
-539
-990
852
-799
-487
551
359
618
449
-830
-735
512
253
-653
-190
105
423
110
-638
941
374
58
593
611
-476
-644
734
-770
-881
523
477
973
851
808
90
2
350
-20
-708
-924
593
343
463
169
-696
784
-244
-599
-588
-332
-350
-400
604
392
-457
808
-922
418
-93
33
-487
-417
604
578
352
511
897
239
444
936
-263
701
114
746
-118
-565
718
-439
407
415
-248
-341
-828
954
-429
69
-185
995
789
622
817
149
412
-197
-778
795
-227
-808
555
567
331
314
-483
530
401
718
-994
357
858
-915
36
824
909
189
115
936
-34
-489
636
-8
701
336
854
-96
-664
-876
-990
82
235
-14
159
204
860
68
-736
-835
152
658
-869
-458
399
-172
-269
-130
-340
-578
481
47
794
207
46
180
170
-6
-779
186
118
548
-538
462
173
91
615
929
-809
-783
425
766
-620
-968
-631
160
332
-675
-610
356
97
-411
82
-654
-629
705
896
-498
-137
90
935
448
902
141
881
-480
-666
768
642
-916
797
-158
-744
-940
-591
364
641
-55
-43
170
-275
647
-379
981
543
459
-673
617
852
-535
-237
-820
824
704
146
-972
387
401
776
-662
772
-426
-537
-915
831
-666
878
-757
-317
-809
888
23
259
671
949
-49
-697
-431
603
617
390
-863
-837
-114
-471
-470
621
-598
-91
-184
871
-812
-650
-133
-711
-848
-969
439
-265
320
-960
757
-949
-395
-671
-80
107
917
-388
-573
-545
443
801
-849
668
888
-495
66
-593
513
189
37
-697
-236
531
-8
684
-689
552
786
-758
308
-925
63
686
700
84
-554
437
358
534
-657
449
893
185
-300
196
931
-984
13
-98
678
784
898
-931
579
286
542
372
-108
903
350
-25
-16
-42
-908
342
153
485
-134
591
814
943
-810
465
-171
-542
540
980
823
143
-364
-188
-728
60
-204
477
-797
396
671
-612
290
405
671
-179
184
-325
390
885
-126
-694
-643
534
890
-473
-595
694
176
347
991
-438
-567
775
-239
-843
737
-802
-310
-850
-728
456
97
-920
958
190
846
-22
-189
23
-936
-510
833
134
-340
-455
-748
788
987
640
-79
-610
-68
-201
-307
616
-223
269
575
190
-897
22
484
-129
-901
-890
-584
205
-460
961
-172
612
785
-353
-935
-633
79
214
629
-962
-505
121
113
-59
-190
858
598
-817
-365
-205
-650
-158
119
-662
600
-138
520
-550
244
-792
978
592
-739
864
-215
-845
-334
218
-521
442
-186
403
-946
-733
863
164
629
-779
-795
-196
-149
690
690
-228
385
658
-558
-541
-236
386
-915
770
946
10
-803
15
861
130
793
709
288
-553
-341
820
351
518
-654
-964
-42
682
634
-379
-499
226
-714
409
-890
854
895
-492
799
516
645
-727
794
-335
789
-889
-631
997
-331
-322
497
-244
-918
40
632
630
-201
346
930
345
66
-414
223
-16
889
996
-933
110
907
665
155
751
691
-85
-563
-683
-752
-988
-769
496
578
772
-340
-792
-939
-374
-290
669
-480
696
237
630
747
466
220
-139
314
-411
589
-78
-511
-601
924
314
54
703
-652
43
-148
391
929
-323
864
455
891
957
638
953
-42
14
873
-499
136
-732
-17
840
256
62
-561
-945
-425
-901
712
-8
760
740
627
457
565
228
-62
-267
-491
-96
938
-1
870
-532
917
-790
312
358
-719
988
446
-698
-855
-901
-343
-891
-796
-926
-518
-236
713
539
-119
-122
-633
812
689
-426
908
-666
579
854
270
-509
-163
519
-936
-602
270
-295
-769
197
549
-913
-337
-554
313
-166
-389
139
-666
-651
-311
945
-933
-112
290
213
881
-908
225
-695
308
515
-606
-170
-405
-799
309
328
-106
372
273
980
-612
294
-966
-103
674
-618
-275
-445
-285
603
-100
931
-341
-756
477
-82
-132
-893
-586
-431
-569
-811
-94
727
-490
-85
-58
626
-193
988
-983
1
-531
-99
814
282
-243
-790
-325
-561
771
-418
-331
27
-436
730
72
-1
-64
-744
64
-140
-758
-511
464
707
510
379
-681
732
-805
495
-861
737
861
204
622
241
-864
-912
648
723
213
-339
-618
-422
-752
-554
280
-662
936
488
-174
-275
-401
341
791
-894
-914
-382
-146
894
-194
147
-625
-523
-803
807
141
-773
951
-901
899
-852
-688
-479
-515
742
-260
802
-630
-369
280
-933
413
524
923
985
-331
72
-708
-26
-971
-824
-47
-488
-475
-675
-332
630
-884
507
-96
-361
-259
-729
902
-839
491
486
634
521
671
-614
943
566
-398
-570
196
972
945
567
742
-901
383
-547
507
469
451
194
-967
-97
-647
-840
-741
-586
-447
457
-619
-111
970
-406
83
639
577
-75
-536
-127
-770
-572
964
165
-472
365
614
-40
-479
-586
906
-791
76
811
-391
169
722
77
843
-556
-226
889
708
326
-442
658
806
-497
543
-619
-59
-812
-802
-686
-664
740
-611
52
-349
833
109
559
-852
238
-613
716
-721
286
-844
-39
-956
-938
908
-443
405
407
954
87
81
-225
-913
699
39
23
-529
-301
-20
-813
-440
-972
155
-692
-123
201
-207
371
435
262
-515
420
648
-672
815
-87
517
268
-443
-622
-83
98
-248
427
-209
-362
981
-798
73
-994
131
307
140
-496
-9
290
616
-535
-34
739
330
612
-765
53
-743
507
-330
-45
-769
-361
810
-201
-730
724
223
746
-704
768
-445
863
-907
-532
-416
-787
286
503
589
-7
179
-711
-648
783
-753
-257
-903
-21
-899
-361
-315
-542
739
-899
374
-459
-102
-190
462
329
-691
-526
112
456
682
-867
696
-667
219
-137
938
-56
484
425
200
257
423
446
-798
304
363
678
-501
-997
-206
896
21
-213
750
-989
-3
-913
598
-51
564
742
-947
-138
388
403
-776
232
-408
985
-490
-566
-679
-770
158
322
-755
445
-712
-611
315
-513
210
79
-914
-964
835
-203
922
-757
993
-796
387
-204
482
-674
143
477
-354
-930
666
-731
-703
693
88
79
-188
-214
481
-866
182
-647
-105
116
865
517
465
-905
-774
-550
-109
-667
-613
-941
617
-994
-691
-989
6
-84
894
654
-161
259
-49
389
438
-503
-190
65
-270
415
-585
-42
568
411
-301
892
618
-914
-942
-936
122
205
-264
146
-145
-929
-68
214
585
-601
-561
68
352
735
-363
522
869
488
-361
-802
-628
-357
-580
410
-778
204
-286
696
-434
-556
-470
-454
-607
-980
-941
-87
263
4
817
44
-949
-86
815
-788
-992
786
584
907
442
370
-151
37
-647
-513
690
-276
-692
-360
976
233
895
-85
-99
-385
49
-750
-566
617
-433
-871
488
-576
-863
761
-381
798
172
-184
-916
-832
781
771
51
248
-823
-73
-216
729
841
-824
611
622
-248
-442
-506
-198
992
682
6
-672
-946
-917
-466
-911
-863
-445
-492
348
-227
540
-509
743
71
-367
920
306
-85
258
-680
66
398
-416
809
-207
845
744
-306
453
-308
-586
981
-69
-426
-183
606
-414
-90
222
-796
200
-699
985
222
883
-938
-789
192
-498
196
-916
-18
188
-882
-55
824
488
446
-842
-50
-277
176
-145
-375
-879
-459
592
418
-725
877
-1000
491
-498
-190
492
-245
651
-936
72
667
-62
216
326
512
-637
702
-346
970
263
391
-203
-229
-418
-961
730
270
406
928
-18
-256
329
19
442
215
216
-85
-286
632
922
-50
-905
206
528
-270
-787
-280
-333
-585
419
624
-515
77
969
730
-188
-566
-926
310
108
-726
-124
-575
732
-117
-590
285
-884
-205
616
-543
384
158
-528
-266
999
57
289
473
993
82
259
227
-666
461
295
462
7
-922
235
198
-642
-322
-527
360
282
-423
-919
-329
-212
-810
476
897
-462
685
707
-763
-109
80
-590
-295
-956
94
-492
-719
-196
68
711
666
-427
252
-126
-546
105
804
-715
-488
588
771
944
408
632
-596
-115
-320
696
-908
618
-234
556
240
-256
410
-663
-597
811
350
-301
980
463
-899
-270
-202
-36
658
-896
876
-863
-91
-926
-303
800
-408
858
-698
744
598
-15
-497
-667
-569
-842
545
-227
-355
-801
521
-876
-938
637
846
-891
-409
-490
-879
790
-547
-72
-318
166
637
973
-849
763
-619
490
-688
270
505
-658
604
-705
-592
675
565
-711
530
-229
526
-282
108
-952
874
-479
20
-243
187
951
545
960
572
822
849
-667
492
-742
996
366
-574
990
317
518
-357
-743
-68
896
-571
-600
247
9
-943
175
-761
175
-164
-116
335
-873
-472
-643
-299
-605
458
867
-243
-986
-361
-974
722
133
-804
745
-986
-925
432
288
303
422
-168
522
40
677
316
391
-729
73
68
-306
549
91
234
-768
-247
-758
-183
-625
637
689
-924
-883
-96
254
-262
687
-363
390
-656
-234
884
670
30
388
-783
354
-933
573
81
-390
-534
-240
732
928
-39
111
593
-679
685
734
828
841
-153
895
952
1
-269
-719
-710
-350
-685
-617
-902
-135
-158
41
-853
-568
636
-760
609
465
-511
203
-979
-265
926
-158
-822
-733
662
644
-269
-230
-439
35
-664
-537
-585
307
-860
-145
-156
-856
-568
-953
650
-164
-737
113
913
-774
857
-868
-841
458
-386
417
-92
586
-476
-476
911
116
808
-416
389
528
-411
-463
593
853
415
-181
992
-635
-565
68
-603
-558
-942
415
349
-324
-110
916
-939
-729
769
695
251
817
712
-649
158
-523
-414
205
-938
674
-691
-65
631
-677
407
167
-619
676
-280
-407
590
-160
91
165
-42
47
-163
-66
-658
702
811
98
-141
-681
887
819
689
361
-347
-630
877
-913
-846
-819
458
-567
470
-663
199
18
-40
-901
297
-676
-19
-994
-682
108
-114
-883
-288
122
124
-27
-801
-810
-748
810
355
-279
661
624
-309
693
845
611
563
209
20
-420
-807
647
893
876
150
-501
409
389
567
-56
290
207
-558
214
-843
-526
-699
-157
77
-978
568
-184
321
-672
-74
731
-834
375
-999
-8
538
958
676
129
317
25
-658
-715
-879
-418
407
-53
364
-241
-634
977
419
-427
-243
999
692
-38
304
224
411
655
562
753
-37
-567
-614
436
-437
-652
-480
343
-905
461
631
911
-76
-337
102
827
485
-858
-118
-282
483
-950
723
694
-511
951
100
-171
769
-411
-853
621
144
-440
898
504
700
436
-839
-519
-849
911
334
-79
687
-476
-521
-397
95
535
950
-941
-15
500
914
-723
-75
122
56
833
-705
927
-212
513
-318
-658
277
477
-385
-276
-402
48
-529
915
334
-828
-658
-133
927
-392
-306
931
90
935
-378
330
-388
-592
517
421
-165
748
-47
-721
-844
916
-391
178
-175
-58
39
525
-608
861
106
824
74
831
-116
-790
-603
486
847
134
389
591
154
758
658
60
847
-394
662
397
769
-931
482
634
21
279
-590
-196
-239
-37
-334
-951
166
-197
560
380
371
-120
404
195
184
764
492
588
405
-184
457
519
-443
249
-675
-81
-168
529
-436
778
78
670
459
278
636
978
107
53
-173
-170
361
612
922
18
25
-994
-608
250
609
796
-741
-651
-23
383
352
-268
173
763
-709
-291
758
775
1
-814
-38
892
581
319
963
-371
324
-306
-391
-366
-282
-421
898
-500
-775
834
512
400
-336
-986
747
-438
1
252
-881
-308
-640
468
985
365
-927
477
473
485
-426
550
-955
-157
-42
996
-2
862
-995
329
225
573
-502
-428
-465
-104
631
279
859
281
335
816
-361
779
316
478
-271
-402
-359
4
109
-789
-342
45
-274
-925
90
152
783
-970
-911
-155
-230
-567
-913
332
577
-907
-768
427
969
-927
246
-755
769
-588
497
-776
-967
839
-887
41
546
535
936
994
944
16
-856
388
784
179
341
-480
-139
-402
-66
-207
95
-887
603
552
293
789
-310
173
-889
292
303
3
-493
763
-40
-325
-975
-765
-426
-604
-805
-329
607
-256
382
-333
-807
556
-614
902
-960
-551
112
391
-59
-441
612
588
-315
-954
826
-571
199
-75
321
359
-284
804
351
-598
-199
-936
-458
-643
-971
-927
-480
160
138
-30
-203
-509
471
-396
213
672
506
170
267
-57
312
121
-360
149
709
-86
-792
928
978
140
888
437
-90
-376
-393
703
22
38
-294
-359
-265
591
-892
-180
-647
-623
-457
-985
-378
914
164
640
713
470
840
-910
422
702
462
85
-597
-794
565
-943
254
515
-423
-349
258
-884
8
-597
603
-941
-105
661
-123
696
814
-207
673
138
-230
777
-905
-24
-724
200
-10
839
942
-245
-286
340
873
-711
-751
985
201
455
-523
-402
-943
52
-577
-171
-701
-905
-705
306
297
690
-893
-4
-886
765
725
-666
-638
742
124
683
69
178
-307
690
864
473
-625
99
789
-317
476
-415
-952
-494
942
-834
-981
519
-77
-239
-174
701
435
460
789
-673
-66
54
-928
-710
-397
407
-175
-96
188
217
-845
-737
-826
732
-785
213
-882
-8
-264
996
-35
-851
-678
639
-863
-571
799
136
230
-691
-50
-501
115
455
-57
-267
-737
-3
756
-202
-894
-304
-76
-376
-752
-428
-86
-762
327
546
441
-934
-638
-331
-967
-525
-623
490
174
616
126
139
313
628
-277
-329
-924
-731
5
-752
-31
-965
-580
712
911
833
265
-881
-113
262
89
-213
43
-429
66
430
-459
-640
147
937
473
-923
-179
357
160
376
277
-351
-867
410
794
-228
-865
-895
-838
-334
-580
-519
953
-314
692
-898
-545
-935
987
-319
-930
947
799
940
10
-425
-217
-237
-925
-819
331
715
357
-855
340
983
654
990
488
-192
-572
-233
316
-529
105
-600
455
-113
535
547
-721
-125
-566
550
-681
-830
595
21
-252
235
-288
-357
231
-68
-394
-269
484
123
675
138
821
-741
379
-959
28
18
573
197
-139
-941
505
-791
487
-52
275
379
180
-677
591
707
-421
-636
-383
588
-171
624
731
-209
916
280
7
262
-506
-117
-767
323
546
-350
-725
-172
158
-627
-400
840
-256
-995
776
-611
-980
979
-250
873
47
-666
736
671
-346
-298
-502
520
546
-783
-137
223
426
420
277
-737
-576
207
-810
-143
-842
-104
-879
43
-257
-535
181
345
41
34
889
576
-512
-359
-918
364
798
389
738
-74
-148
8
-480
694
101
-80
855
322
-223
842
-641
-341
-765
6
-570
233
740
-941
-201
-175
6
696
-117
684
-202
-904
725
-54
916
220
345
830
871
-959
316
158
-436
-252
-624
773
283
21
886
421
-677
-604
-51
-365
555
831
998
222
244
-516
-326
876
436
-182
-197
-486
224
-955
-726
866
-799
15
-349
913
423
-420
-689
704
-816
-480
938
-856
922
71
-833
-709
568
-865
-790
-262
642
-768
263
-355
425
-757
511
972
-496
-977
-457
479
7
-58
989
-931
848
-595
-805
-987
282
432
744
642
93
346
632
-949
-277
-359
-70
390
-348
-917
716
297
349
116
-889
40
97
628
233
928
14
-853
-144
549
-427
-477
623
-588
943
-843
-406
-460
-541
852
957
-419
527
-670
716
6
289
497
-841
949
355
498
-74
251
-92
645
-514
283
-492
-732
-160
-913
-108
549
255
424
96
-588
844
275
207
530
-184
357
-951
495
-813
228
129
-758
783
531
152
-241
-660
949
-596
173
509
-572
340
-746
593
230
-337
-592
-190
-614
231
225
-91
-902
85
635
-55
-331
919
743
-975
508
-688
-599
-159
785
-987
583
-199
-711
-384
622
-431
58
-77
-633
-173
-661
-693
-659
73
447
-599
-64
269
73
-597
734
-856
620
-667
990
-26
114
539
-631
-354
268
-228
968
-180
242
135
-285
-3
682
-769
-818
-682
-413
-192
-103
891
569
-778
198
-535
-926
-964
705
275
-877
-955
-531
-158
124
-926
-146
578
346
825
223
-31
589
-884
-512
187
621
802
-414
906
-44
709
941
-829
-476
873
-25
-898
-209
419
742
-739
-95
376
-277
499
-572
744
-124
75
-799
133
968
884
924
-724
289
-408
7
737
779
490
-754
120
648
885
-100
-906
-454
844
-278
-448
-653
-909
507
-794
609
-124
731
-62
767
640
-176
-783
-862
-737
-346
-104
779
733
-213
698
273
34
66
710
-491
-933
-904
187
502
423
181
994
-660
-188
-720
979
293
-32
549
-393
172
-162
20
-838
-20
-136
999
817
-69
-812
-280
-90
893
-436
839
-288
323
-187
-677
20
-255
-371
294
-130
-153
538
-611
701
258
833
-791
-733
49
296
408
615
52
-487
990
445
-970
-398
375
-840
776
-832
-202
923
205
281
-395
20
-510
316
999
-134
312
-559
811
942
-704
590
855
993
668
-295
418
-216
-773
-908
-529
-254
-325
-320
-864
800
-628
998
992
699
581
693
-222
-822
-735
400
-954
-770
490
-240
335
-167
-486
-580
-562
-575
611
816
292
443
687
-448
99
250
-224
190
199
740
-558
-734
281
-38
-810
333
492
47
-90
-138
997
773
445
-206
-436
-933
331
-430
725
-236
773
-555
-914
-74
931
-100
344
50
-444
962
572
457
-938
248
-664
194
83
-454
-793
743
-420
741
-770
-131
560
903
912
-99
476
-655
295
-225
363
470
666
-870
-233
-788
-514
-199
-448
890
76
988
-381
283
-357
-560
-376
-258
198
944
-263
-857
-69
453
-476
-487
-394
-846
-5
-884
-462
-217
899
-171
-286
513
316
621
621
719
611
-71
-655
934
-187
-228
499
309
489
-609
551
-110
-838
-767
-899
-975
342
-890
-314
-793
241
-686
-341
679
215
526
-278
99
-987
-675
655
585
-107
-903
-177
455
-345
-821
-986
-30
-333
27
165
386
-57
-759
553
645
332
244
3
4
-115
434
-326
-85
455
626
995
-529
-396
585
307
-260
873
475
-230
-721
471
-972
110
157
459
247
-249
796
-516
-541
-87
937
-877
527
222
-948
907
-966
410
-497
77
-745
651
-223
-851
-277
109
-910
-665
-795
257
692
897
-92
523
-834
478
-291
834
-950
500
239
618
87
657
632
821
-582
600
-267
510
21
-149
605
620
-275
18
125
405
102
-622
-506
-835
-455
883
471
798
-147
-348
-866
-250
637
-982
-1
-80
844
-813
297
-911
-265
-429
-787
427
608
859
-74
-356
-411
-104
-762
-648
806
-587
610
-808
250
-307
-571
-702
-360
219
306
-353
611
380
-782
880
518
-718
321
-873
197
-263
218
426
966
497
-465
-721
-798
-220
573
919
-206
162
882
-154
782
-101
-441
192
510
730
71
487
-413
-762
438
375
983
-181
565
-149
559
330
-443
588
-642
472
809
-107
-38
-21
-298
889
220
662
-295
-553
679
-610
-302
-532
-993
49
338
-955
-255
-443
261
-908
675
-8
-45
988
140
-106
98
802
612
804
187
666
827
113
261
854
-198
260
-467
-871
-960
-635
749
921
240
-648
78
906
824
616
-645
-468
593
-695
476
-924
-177
283
773
772
117
-174
-827
-410
321
-882
-52
223
821
616
-115
837
529
336
-327
162
-121
129
-675
469
128
-996
449
9
297
-426
-821
-531
50
668
578
15
-176
182
330
-529
526
-760
522
213
117
-295
-659
-670
-629
129
-502
614
157
179
-825
947
522
624
334
647
-89
930
174
330
828
-472
569
-142
247
831
-713
-75
-909
38
-194
-142
-904
-188
-455
179
-647
-120
-690
-490
-130
-382
-214
361
435
692
-136
-616
122
-187
637
637
-273
657
-133
-556
463
-959
734
-615
-775
383
-314
0
-275
-465
-799
-233
-174
39
263
-101
375
871
381
-449
-142
-264
-44
-29
177
978
804
179
-124
-839
-348
-274
112
396
422
-909
-300
460
110
-702
534
-216
79
-711
-299
368
-433
640
-408
677
-758
163
343
-405
-411
-29
-112
-508
-25
-441
-29
-541
-830
-531
-606
791
-833
-901
850
-235
-913
219
616
-217
-992
754
-546
-58
501
405
6
87
-285
660
-994
-577
-196
759
-371
735
510
190
267
-719
-272
-747
-925
433
846
278
572
-893
691
-954
-376
-932
-119
983
-877
-852
401
-319
660
465
210
315
527
-315
-295
-476
335
398
-164
301
583
-329
696
-531
480
-158
399
307
325
609
-943
-126
-223
-514
-345
-390
307
-314
669
763
-836
-512
197
-785
-856
159
459
-734
-496
486
438
929
301
985
-495
320
-501
-149
-171
-322
-867
-297
381
608
-146
-802
347
-921
170
568
768
-239
-313
-856
211
259
663
-64
-705
797
-801
-684
-135
-72
365
891
-350
-178
584
-396
201
-302
-422
-864
926
969
-803
678
-962
649
-564
119
224
599
962
-265
-152
-842
447
-583
-496
744
42
-484
730
-37
-719
371
689
-196
749
560
-358
483
-191
969
-987
487
-289
710
-129
392
393
-24
625
-990
285
-126
-235
437
-574
318
440
-455
-781
30
707
509
-883
-283
241
-93
-430
488
-659
963
-466
571
-972
507
-136
394
51
-811
892
-912
-377
543
-487
487
-315
-569
90
-332
-480
-551
479
111
532
-143
-495
536
-12
-416
-814
-529
-448
883
26
628
-582
186
685
-861
-153
738
344
-282
930
558
-932
813
391
289
493
-194
223
520
134
-673
6
-891
-360
-253
-325
103
300
-96
-411
796
118
-864
694
493
-234
669
588
-454
-276
-559
323
225
-68
404
-271
-26
250
385
90
633
-944
-444
-11
179
276
-421
-892
541
175
494
-170
70
209
-597
-572
209
-737
-980
669
935
-429
-856
-360
531
-350
-877
608
258
539
371
726
-523
682
990
407
-206
-266
-423
159
-211
638
262
-285
886
257
52
256
-70
-108
540
-455
-963
-15
-974
782
273
330
-853
999
-271
102
42
-204
551
-990
135
245
-506
-106
596
758
552
78
539
-254
236
-215
-983
-124
61
934
-112
-267
798
627
600
-288
60
643
964
-64
-215
-759
987
-970
-831
601
-194
-446
-369
200
806
900
-655
-553
971
-512
-74
-124
-456
-953
823
230
40
815
-23
724
690
456
316
-179
-624
-485
637
-178
111
220
457
578
-866
-556
-630
-341
-314
643
496
259
-484
-432
572
-821
192
593
246
186
279
-567
-856
-937
-566
-898
-726
-339
-504
894
-690
-727
-373
-782
-648
629
-440
91
687
840
31
106
148
591
443
-323
-394
-98
833
-601
175
-232
205
-706
-316
-7
281
-198
982
520
751
296
-360
585
-936
-58
604
-999
838
732
372
-127
-54
-530
253
-919
335
567
-730
-183
651
412
266
507
-273
-836
-210
-572
-6
768
-699
-683
879
-997
276
312
-738
372
777
505
-964
-336
27
453
850
982
578
932
87
53
618
258
143
642
-10
495
-930
875
473
842
647
277
-98
-462
-68
-638
680
568
374
547
247
515
532
252
67
-164
-526
948
701
-92
906
-988
-480
124
-883
-836
627
386
768
-681
-448
-726
-373
667
270
-775
273
781
-876
-967
-135
573
-800
967
20
917
-281
841
-140
-263
14
334
313
-615
654
-127
695
-889
-728
-602
-329
453
-339
-677
-365
339
-298
989
579
-268
697
946
514
616
-361
359
502
-852
-979
-150
-633
-218
-281
-898
140
173
-486
-473
-689
-319
832
-689
937
-706
245
-849
681
-244
-690
-2
-162
-252
-704
-888
410
904
-625
-247
-704
-506
828
805
661
-422
834
-339
532
-559
405
671
713
136
26
467
42
-77
-436
485
92
-556
14
-14
-648
-574
-367
-104
956
-270
34
772
32
-433
802
-786
-277
-319
186
27
-53
318
444
451
-42
-204
-615
-230
769
-517
688
611
505
-8
550
-751
735
424
-768
-775
868
-553
-946
-399
651
41
-579
145
-153
711
418
776
-846
993
-438
-422
-581
49
-746
689
-782
179
-501
380
-132
50
-535
643
-88
-537
429
592
174
472
-314
991
-592
652
-26
229
-360
-650
-19
-954
-764
718
501
323
779
341
-210
-748
-201
-720
695
204
-556
331
-881
-409
-877
328
374
-952
213
-716
993
251
869
200
564
-338
-981
343
-856
541
-411
-192
817
520
-965
183
961
52
-764
-884
-217
58
-192
-387
-315
73
919
-136
-973
-789
-361
424
-150
-745
-86
547
105
198
-785
497
-17
-477
-81
-358
877
-433
497
-853
550
244
563
-920
-916
-519
848
732
-854
637
164
-20
-836
-743
417
497
945
439
-265
618
324
-844
772
682
391
820
247
658
-139
423
786
870
151
-455
-871
-372
-269
-429
-238
590
-699
390
33
-353
369
928
-176
168
778
802
-163
398
-239
-581
-453
-171
71
-179
905
359
-238
-391
835
-953
-829
236
595
278
-330
992
-937
150
-240
-998
16
899
-958
-473
452
167
-337
-95
35
938
-233
-571
706
934
539
477
538
-689
-614
-788
892
-559
828
-843
934
-390
-340
-31
576
439
-56
706
-86
832
395
-81
203
-714
-275
-129
460
348
508
-806
732
-947
-876
-697
104
-860
349
876
516
-127
154
-286
431
-732
-729
289
-562
544
-911
297
-160
-396
451
534
292
378
903
-613
-446
-196
960
282
-583
-694
966
-625
873
536
-918
-187
577
229
-5
-125
-316
-43
887
-698
98
-384
242
-866
222
438
47
-640
-752
360
945
-300
70
-457
913
-176
-132
876
-980
332
427
-747
828
794
-739
456
-994
169
-395
-555
-297
-78
320
869
263
-863
-203
-384
832
-47
909
210
-583
622
-924
863
969
515
503
-994
51
377
661
105
-358
153
64
566
-344
-312
-584
563
-273
622
-823
-421
-176
789
-383
486
-733
-572
430
971
-308
527
-48
126
542
610
-946
-995
638
272
-217
969
392
-213
-205
629
229
87
654
-797
-219
-558
-944
-917
-589
-865
-954
-546
626
462
276
-253
959
350
388
758
-140
-72
563
241
-827
-654
313
785
757
-844
575
783
816
-417
-835
322
-502
-20
-342
784
-681
-217
-240
-6
996
-704
224
-297
219
-410
390
-757
-38
-148
-614
147
-142
-514
-917
-444
-770
-718
-161
-776
-673
957
-889
-63
-677
-601
-5
144
-340
904
-252
638
-725
-266
-635
69
285
308
274
-867
700
-676
-808
217
710
-855
-762
346
-883
749
333
213
-521
-450
965
-871
515
425
391
689
356
-770
-690
982
-826
-858
102
137
-219
-872
669
-962
739
851
962
9
-442
-663
237
-716
536
-296
116
73
804
-732
-487
41
-855
-655
484
8
-859
57
-938
-314
-781
447
149
-740
-853
-765
519
633
-444
502
990
-858
43
-361
-152
-441
416
-143
560
-812
647
577
-147
-122
96
10
-777
-249
-436
-757
-71
470
745
141
536
855
631
378
-924
655
-561
-92
881
-701
-382
189
155
-577
500
480
349
7
164
507
-606
909
-937
-169
870
-369
983
-792
-851
118
-99
276
-399
400
299
869
-92
903
-507
263
-446
223
-451
-311
-448
192
-657
407
-521
-960
325
652
-138
465
555
-216
-999
-574
571
935
275
477
-352
469
999
-562
24
-420
895
239
-370
323
-761
-278
915
-596
747
243
314
35
-740
860
-88
-836
-710
937
-106
407
502
973
-687
-31
-830
454
-238
-103
-306
-427
-505
-52
227
587
578
408
-519
-334
608
-840
761
-984
-409
-677
313
101
-482
762
28
-217
-789
-201
-427
172
7
419
9
22
827
-698
-37
471
213
-29
411
935
-124
398
-865
-13
-670
-653
924
-988
168
-206
572
-538
-450
726
736
-481
-546
-377
-273
988
-739
955
-717
214
242
985
-601
-140
-510
211
261
-670
-123
-262
369
679
-402
915
883
-202
-149
532
-716
-297
228
897
387
-273
379
-895
-213
-554
-500
809
-208
-874
221
815
902
-467
452
-210
909
886
-255
-567
665
-200
-260
-620
596
1
-744
184
-992
-354
-416
-319
267
-951
559
-969
-108
-366
957
-222
650
-83
-215
217
690
-657
36
396
-205
-224
-543
53
816
-531
-102
817
331
-690
-187
960
-384
177
-540
45
-27
-808
-624
-247
-509
-296
-321
219
-717
808
772
184
288
-793
995
275
675
-762
-197
-270
928
-132
26
-134
672
479
-233
631
291
244
-484
-482
-583
923
-974
-818
-654
-131
-473
-948
-569
-917
-170
-732
539
-896
-111
241
-386
-430
385
155
420
-757
-112
-271
513
-679
171
532
-470
857
-782
194
822
72
518
794
-468
404
174
-240
-857
-913
422
-415
-406
-924
-905
-335
993
135
-384
588
22
-101
-935
169
-937
715
893
-440
-858
-912
-150
726
723
-467
-328
-374
-564
-351
-897
390
785
230
820
813
919
-774
802
484
-496
-643
726
-155
-223
207
946
-486
-159
600
614
174
249
74
506
332
-31
-738
-879
278
-243
3
-387
-452
-968
983
112
194
-709
-279
-992
-803
150
722
-248
308
-957
599
736
653
679
-21
826
397
-715
-990
92
792
-280
276
312
914
509
-69
813
405
873
879
196
530
802
790
-472
864
248
780
-453
-78
487
-431
-549
-963
-277
917
-165
-188
-3
-841
-673
447
-551
656
-498
-743
-985
-42
-375
694
-391
515
-217
186
854
724
-13
-890
-571
-857
-225
192
90
-325
-80
680
-570
541
758
-433
-557
-157
743
204
942
-455
-237
596
-87
673
785
710
855
-450
399
-908
162
-122
-178
119
-366
484
914
188
-855
-464
782
159
571
-959
-476
372
-5
446
685
-471
296
-851
978
-219
-847
726
839
-688
536
703
378
738
755
668
285
642
-884
542
254
540
260
-166
493
614
227
-331
878
497
-663
417
-691
452
-76
735
-158
-775
-3
831
148
-80
891
-239
870
177
-29
-428
438
-12
445
115
-105
-557
-649
-685
-682
-255
-206
741
374
-221
466
-734
585
-436
548
635
-136
901
-981
-236
884
516
472
-433
-163
25
465
-867
-844
31
497
-935
753
653
-349
785
-664
-182
979
-366
380
-387
-309
565
294
22
-798
241
-635
349
107
363
-969
-354
141
32
52
460
202
-45
-871
-792
466
316
555
-511
-298
-887
438
-342
-197
788
76
959
634
-49
30
-458
-763
9
-522
668
460
-471
388
418
-923
126
-898
-777
459
704
856
516
-143
-145
-160
832
-640
-768
328
655
597
-294
-546
339
228
-880
-799
405
312
-544
148
521
591
225
564
503
766
-117
-615
-383
-174
108
649
-482
484
732
-40
-875
-205
137
521
760
7
951
-680
-162
720
-167
-976
-549
400
-835
134
132
324
-523
982
133
-989
399
113
508
208
960
636
335
480
-943
-920
377
-514
884
346
488
991
153
-708
-897
-330
-88
533
87
-213
777
-992
-710
797
374
875
104
-74
-167
-689
323
818
114
753
-344
284
7
178
154
228
594
945
916
818
0
-201
-658
-52
-756
572
279
-928
998
-849
-655
459
67
-707
-227
-64
-594
-186
-945
185
486
752
727
651
-183
-959
-411
-874
448
-729
-318
-930
245
85
-671
-261
-225
-204
557
-836
-403
-239
-791
-928
-232
-906
-939
-220
-598
-729
255
149
-946
194
-640
649
-214
274
-625
599
-310
90
988
-356
-297
204
-603
539
-484
676
13
-712
-597
845
-643
-288
755
950
451
510
-834
144
-960
-137
861
457
-71
-343
278
-711
-231
377
-370
-20
-401
746
251
-975
-557
-842
540
-507
303
978
310
-777
-173
765
364
-652
989
-510
-891
-293
88
-207
-989
727
-631
-634
715
315
590
-495
-366
-666
840
897
830
226
928
-283
982
341
-356
83
-727
531
218
-69
-3
583
282
395
700
46
-361
-285
669
5
-820
-218
-416
390
-781
337
-863
354
602
928
-558
302
872
-349
-960
-873
815
763
311
-788
-305
223
-882
767
500
-786
474
60
-502
721
-934
-896
-579
-780
436
-633
599
544
-368
-944
-665
-14
-848
557
-139
-295
973
-429
-842
-508
504
526
981
-36
-748
-180
377
249
26
-540
-971
-787
-508
650
718
311
-119
-90
-763
-895
677
-730
55
-473
87
-891
41
-61
-895
-797
579
-945
-4
543
364
793
-12
-521
-792
113
16
771
-840
907
-698
-920
255
-5
-406
-503
-797
314
-108
636
337
-678
-563
888
-878
-276
-178
-631
-456
550
-10
146
-306
-342
976
-709
851
-266
165
-671
383
830
-89
646
-219
-471
313
416
126
-224
957
608
321
-548
-545
-363
375
-255
-430
-775
-916
-612
757
-968
385
823
-70
615
-274
348
-744
-718
751
-677
800
-591
-392
478
-165
-229
-798
412
-381
452
708
314
-545
-90
636
-2
859
-260
791
-707
-374
-291
-590
-138
626
624
817
-491
-865
-407
-121
38
-491
-753
608
722
-976
-525
-813
450
-316
-753
763
614
-184
-924
302
-208
264
-304
819
299
990
-503
-692
-339
902
302
-332
-921
711
35
946
-59
-357
-155
218
453
-197
255
399
-564
-979
-117
312
-627
-24
-684
-670
-251
418
-312
-114
755
306
530
179
422
660
447
387
-765
-44
-806
693
-690
868
706
437
175
-841
-348
719
224
-436
-935
-255
-77
439
-380
-755
-197
21
121
-728
-678
90
-246
-315
-345
-139
-331
-354
465
-97
470
-578
-264
912
-858
-175
705
-858
17
-408
983
-694
-692
12
-91
769
-205
-870
-800
-169
-784
818
973
-76
926
-948
186
533
391
676
-428
648
73
999
120
-431
278
-494
-828
863
515
24
-805
305
941
629
-711
-406
458
-368
500
672
-997
930
993
451
618
-934
152
764
846
-726
-332
-650
-971
853
678
691
-947
-834
-981
497
-878
584
-348
680
106
-328
333
604
-960
960
-426
-571
-672
576
980
-624
213
79
-998
704
-917
-203
179
231
-827
-26
939
195
217
-946
0
-720
628
-598
461
614
755
-220
-378
551
-217
887
-394
-950
-153
-716
846
-533
-93
2
-501
567
961
-835
846
573
-846
915
-259
60
333
-20
181
-489
636
174
-960
350
655
155
53
-751
-257
747
-907
544
29
-854
813
555
708
312
-282
629
153
862
-282
723
433
-207
-761
327
-224
-681
-57
554
-440
155
120
197
-615
560
833
-422
786
-563
-157
986
-845
819
-583
-467
436
44
-955
-772
144
933
-840
90
-714
285
898
-899
735
-995
-24
831
627
164
-255
524
336
-677
-519
-524
-407
-583
979
-491
321
-481
-494
356
-274
-200
181
765
230
-15
-152
-856
797
-367
-505
548
-790
-462
-714
-170
-123
583
-730
-237
711
-667
-169
-54
-342
708
935
-688
433
-974
240
43
23
-258
-863
-296
-478
-810
771
-579
866
639
-879
898
-987
-21
-811
100
160
-645
-636
408
-474
41
27
-948
-716
895
-543
-344
210
-318
-906
674
-415
-404
-761
570
943
280
-771
-485
204
-331
-822
441
-229
-48
-686
-747
-857
-13
7
-983
-390
-538
527
-76
-410
-875
-397
-138
184
392
-148
-608
-517
648
-877
-48
-774
-449
838
-915
335
651
382
-469
922
-359
-396
-37
-697
-453
494
209
-396
172
101
749
506
107
-253
-684
699
623
613
404
-399
-251
739
500
920
-140
-478
854
-404
-924
761
586
-285
-204
314
-33
-72
667
-569
667
-38
-690
-169
781
775
114
-429
-535
-89
405
-213
975
634
-688
-650
929
384
628
-478
603
-864
-2
-345
83
-786
-272
8
65
-880
-459
735
-865
950
578
-888
335
-49
979
73
-179
-209
331
98
-561
90
-689
-470
13
-210
-163
-613
-820
916
31
-283
565
295
-689
-431
117
-205
-75
-363
420
646
241
-348
787
403
100
-438
-44
120
-446
580
-814
291
-716
-834
591
-876
34
-17
494
-290
-645
913
636
-355
980
186
-951
-320
-862
682
-608
942
-876
-528
579
-690
437
-342
-496
491
-207
583
674
369
332
-542
-435
183
326
484
-485
-896
-290
519
962
-235
-266
-635
847
-687
61
-275
983
-459
617
902
-788
666
511
-703
165
313
-673
-233
-580
270
-884
919
-103
576
383
380
276
-503
399
-874
272
968
-866
922
561
47
-862
-65
187
-41
672
590
-748
-725
406
724
-303
803
999
105
5
753
-137
-627
613
-274
439
-527
-124
101
288
638
-642
-621
-697
987
302
47
375
-208
63
-474
-197
-509
326
755
-229
-501
-76
994
213
-117
71
-611
359
-44
803
869
-711
-125
471
940
-195
270
-927
936
928
2
-755
290
-658
-911
-271
-619
-914
876
-877
-464
-187
494
732
-270
936
-302
324
561
-46
-880
-385
-950
290
13
-717
849
941
548
334
-610
-743
720
-374
564
-830
934
367
479
160
327
-604
861
-695
-108
67
-332
-301
462
533
-536
-438
626
265
-869
-636
627
597
-521
-752
-685
121
304
102
210
745
-527
552
-255
-778
-415
-772
-259
-39
786
583
-810
-60
-723
-407
-603
-472
107
-342
-452
28
-217
992
767
-243
-710
-156
-278
-526
-946
-165
-150
964
430
-255
-749
-398
-721
-946
-677
694
177
-459
-803
424
839
274
40
-798
-690
278
275
242
-508
221
-204
-827
-443
-594
235
-503
826
-608
-667
-293
-337
568
498
875
-48
964
-406
536
715
-359
35
-346
447
-42
238
510
708
-976
505
308
554
659
-608
317
365
174
632
-642
622
273
662
-540
212
402
-160
475
-194
846
-613
-511
893
-96
-862
-172
10
-574
153
-529
745
-943
-749
-310
-920
475
-457
-280
614
-48
2
285
-745
538
154
-226
-72
190
946
-105
859
-846
-153
618
16
914
-748
-794
-755
19
256
-835
681
-898
838
-87
992
403
551
981
15
106
750
-430
-649
812
440
-741
-524
440
798
693
939
901
430
50
202
819
437
111
-315
-357
-666
-264
585
-551
903
566
24
-262
-972
757
-908
-436
590
566
-654
278
460
-409
332
-780
-312
489
-314
-336
908
976
379
-672
64
928
673
765
485
388
-658
-55
395
-701
-275
338
-98
770
-818
817
549
691
-508
688
-530
-494
788
162
-777
963
555
-419
-638
-353
293
-288
817
104
-632
415
-880
-610
646
5
-423
-173
-546
624
411
-197
433
-83
970
-578
-148
350
-964
803
-56
458
320
-137
812
-644
189
-621
497
807
693
151
737
184
962
73
-993
603
23
-76
383
-422
106
-297
-193
481
-497
302
302
140
-963
344
-285
867
-788
993
-465
250
94
549
359
-990
-1000
-359
-437
228
46
829
-255
276
621
-570
-502
745
852
-621
-923
-313
-885
935
528
-507
-334
54
828
-294
-559
224
-385
93
99
597
60
279
361
-792
440
-736
721
-886
993
-874
-429
245
-405
234
824
800
831
275
83
987
32
407
-573
919
823
856
-136
-511
-243
-729
-465
26
591
137
709
-448
-226
571
-353
-554
-302
814
384
332
-716
716
511
-998
467
549
-1
187
126
-557
-864
989
52
-237
648
781
475
739
48
400
-241
-332
-708
-568
-215
-7
-203
-594
-383
565
-115
-282
989
-578
714
81
196
375
-237
327
-63
-274
-76
-625
-321
-569
-724
158
99
8
-404
347
181
-480
667
-330
505
-66
457
-363
-679
-832
212
491
943
149
548
-806
-957
-820
-408
-739
402
941
-769
252
-319
430
539
-261
770
-844
447
-443
-713
-99
708
-847
-222
-640
-775
-156
194
972
813
801
-806
-746
-562
564
843
-45
-985
905
272
-663
813
856
849
892
545
-293
442
823
-814
782
-681
584
597
828
-740
-197
12
796
432
-111
453
863
-398
-343
-876
-527
247
-746
870
-763
109
-276
736
-512
783
509
712
306
880
209
706
-162
-666
904
831
-296
421
-647
-958
323
-958
-604
-796
951
-160
843
-344
269
715
-807
-689
301
289
-523
-620
-492
-101
539
-230
-157
-337
-920
216
-399
-802
-244
-780
856
543
667
848
-683
-155
529
455
-595
-609
855
-601
359
520
-551
-197
199
-1000
531
-563
-659
-577
-199
-237
689
182
-239
-765
12
-408
-399
885
-583
719
960
281
-265
-524
-111
905
625
-445
302
-972
216
751
-737
-876
-901
243
-616
-90
474
-604
674
48
-726
-358
-858
-404
72
9
460
260
587
-143
14
499
595
-621
-363
566
-925
-561
355
-468
-628
-695
-561
-635
-772
-169
-901
117
-544
669
-895
-709
94
-943
675
-556
-152
753
-81
-908
-375
675
170
978
-22
-188
-499
763
-720
-32
746
213
425
894
342
-72
880
-612
-703
-312
-101
906
598
-524
-294
-743
373
-763
467
943
-876
440
-147
-294
333
-499
-975
-152
766
133
-171
-125
-230
684
-969
-959
-99
-472
407
354
167
564
477
586
223
-106
730
883
813
-256
117
508
784
675
658
-706
-29
168
-56
-632
283
626
-628
-293
286
873
-86
84
-395
194
226
-22
455
999
928
996
610
-848
-153
388
-865
48
53
191
-829
-519
-514
-405
-887
-612
1
-930
465
-496
624
-174
-286
-984
856
-828
510
-735
817
-677
-527
-439
50
241
-45
-831
-198
38
-960
-456
588
-453
121
-144
-151
579
351
-114
-472
460
-713
-658
360
403
38
-334
704
265
-771
-605
720
-734
-905
-872
-295
-768
13
-825
-597
-87
793
-61
-900
945
-971
108
-681
27
840
696
-83
-139
285
26
-582
-577
-199
-313
-634
137
-58
549
540
494
-244
894
818
-300
103
-287
-481
-97
-781
-746
30
-436
856
-142
-469
-466
298
-832
-375
404
562
758
699
684
112
254
-186
375
388
5
943
-493
455
361
-625
181
-894
640
-919
-289
-292
-179
879
-603
124
41
182
507
-996
961
169
37
778
48
-833
-205
643
857
81
-621
-128
352
658
618
754
-652
425
29
-533
-875
-914
855
212
285
213
-752
916
904
-966
164
-199
48
129
-483
-841
-278
-153
178
-376
-703
-737
358
-741
-506
478
-46
775
-17
82
-591
-809
-352
589
662
-754
-396
-341
737
880
5
-91
-463
93
716
-850
415
-507
917
-171
-931
-147
-313
-481
-662
978
647
-746
-549
-795
708
-482
-704
-153
2
711
274
-116
-953
-94
292
-775
216
692
-529
-152
-438
-64
-886
-870
82
262
-485
687
454
71
-845
-982
337
-94
861
-708
278
970
-519
568
-706
634
644
-232
198
708
-843
724
-279
-669
623
-405
-502
255
811
982
980
360
376
45
337
-798
-543
933
406
-590
-254
847
-241
-261
567
46
-59
-398
538
-902
950
880
-613
-290
17
-164
-539
427
-255
938
-487
-475
685
-601
323
412
386
258
706
-161
6
809
-518
245
532
185
-34
538
-324
922
536
638
-487
297
-151
81
-88
280
267
-2
-159
-121
41
796
-415
718
-157
833
-33
-352
176
415
-397
-793
-743
420
287
-266
-93
-138
-459
-36
-973
-284
405
-98
224
-704
-471
799
-864
526
-368
32
30
395
-620
-284
-768
915
754
843
-46
900
974
-230
72
871
-970
871
-571
-599
-107
160
216
220
459
-304
-996
377
302
-411
-26
791
-719
-584
-77
-515
-919
-141
600
829
736
377
938
-901
-791
-273
739
-340
-923
-853
383
98
399
-995
119
602
821
744
-505
-91
976
911
501
135
-741
-889
980
791
-987
671
-130
-692
216
-154
840
376
712
370
-116
-591
-942
-827
-564
460
41
56
565
-124
947
-827
-186
39
-388
-911
248
462
352
-739
-728
600
813
-259
776
-353
-194
-92
183
-340
-802
-947
-56
-694
-86
623
63
554
-887
933
-807
-380
608
174
891
475
-420
506
560
240
-341
-930
-319
763
-568
720
867
-296
434
285
304
-558
-305
-807
-829
-902
900
234
554
13
-781
-683
-540
-29
-114
-1
469
491
-435
-388
593
499
591
808
-95
692
-869
-679
-500
-100
-663
-239
-647
-225
543
267
-373
-903
-418
-195
11
31
-720
954
629
-368
-823
-38
-897
920
-437
916
-684
831
870
-196
450
-638
-515
-680
-150
-783
67
182
290
274
-606
-182
-812
176
-159
199
349
-637
-475
-350
-220
-133
-813
442
161
160
884
990
-488
-609
531
452
638
-689
-618
555
901
-799
488
456
889
119
-785
-550
-458
-229
-132
-660
295
329
-502
-725
-195
502
938
878
-177
169
149
471
-226
896
-76
207
601
639
-980
928
-551
-40
776
554
-263
49
282
830
189
-120
167
214
-612
810
55
-239
-594
-73
-240
-227
-918
471
-708
56
509
625
-291
-413
-713
-991
-87
401
106
164
-580
-489
233
368
187
-315
443
-935
-444
871
-19
250
-636
-897
-901
-906
-700
691
-257
149
-441
505
-63
422
859
174
453
-355
885
-999
-706
-953
-780
-577
588
942
-168
-192
-572
450
-837
422
-763
-346
907
-642
-786
-485
-484
260
423
-150
-489
641
89
691
660
609
669
-664
72
816
-753
402
-708
-553
-174
-802
-567
-946
83
-280
432
-958
-865
-407
-523
645
-108
-731
676
171
553
-216
-983
-650
810
399
709
598
-680
431
926
-4
12
589
-939
-194
-216
128
517
-663
-842
-877
-885
-32
463
197
-820
-852
-915
995
-637
-826
375
-277
-736
-422
-245
-925
917
910
601
842
207
756
-550
528
266
-216
-891
285
-76
638
-783
-528
-720
-501
824
-839
-566
-891
561
-107
473
-914
945
-999
746
337
395
814
-491
-625
-480
46
-8
-629
-767
-298
958
-275
-735
-216
-192
998
634
138
-694
997
632
-260
970
837
-103
-271
-787
784
130
516
-727
698
12
268
-982
887
-101
-920
-334
180
846
156
-500
-961
525
304
-366
520
-402
-940
-115
886
-886
753
-168
701
486
828
-897
208
611
726
-33
-202
-302
656
294
-600
370
543
-70
-418
-414
498
571
198
-25
-915
180
-628
109
734
23
653
310
582
-624
-867
-470
80
-25
359
-121
-346
-738
834
362
-244
496
-67
379
599
796
43
563
-102
-843
734
-486
931
-465
-218
-20
222
-966
847
-929
-829
270
628
45
937
-25
-696
241
885
904
-934
722
-87
-901
566
184
972
-412
87
700
90
560
-756
-147
207
-897
42
837
-853
550
-920
-936
25
495
-257
861
-588
-440
170
814
-436
-48
-183
-690
29
-112
443
857
950
944
303
730
-631
394
-613
517
842
-400
505
118
-304
511
27
763
215
-656
-902
619
83
-500
-854
-472
402
779
473
471
-427
961
-231
281
-616
813
-658
-798
592
586
-116
-158
326
-948
-411
-928
617
-827
-577
-540
370
-575
-625
-229
89
878
-515
-874
-330
-933
480
361
574
728
-188
-849
685
459
-83
476
-820
-627
519
977
-287
801
-227
764
-778
-899
70
-745
686
654
-683
584
-869
-912
-499
-837
-796
-186
-650
949
-375
-87
902
975
829
454
804
724
-883
-692
137
-117
-382
-501
-403
69
-617
-824
-172
-936
917
263
-267
-863
-527
-161
574
7
400
-671
655
17
-120
-449
433
75
-647
687
842
-70
947
-745
648
-666
219
-889
-334
-326
-464
590
-379
614
384
795
-507
-679
-57
-850
-859
837
217
-766
30
-841
-943
991
861
-416
-642
358
931
-108
-222
388
-977
917
-742
916
647
80
681
846
-563
444
-32
107
-473
839
-72
-647
706
-353
-822
461
-827
-217
-565
-108
-298
-552
-494
-22
34
220
-719
198
-705
-970
37
-497
-733
-399
378
-238
325
-94
112
-634
832
-792
-618
-906
-166
-758
-633
-741
-156
-894
-143
230
-461
425
22
-628
-821
337
-312
485
560
885
-578
776
320
360
751
-533
396
-835
822
-945
463
-244
817
-670
152
-762
430
-814
-133
162
-273
288
14
85
694
-322
-548
-524
-204
-637
978
506
-158
-50
659
298
486
402
826
-803
-332
965
-459
-376
-688
-668
350
68
-421
-887
-875
-206
-987
665
-168
813
872
-655
6
687
962
-742
-231
730
-714
-448
-800
-837
831
-677
-150
-207
-219
204
-752
-234
504
681
180
973
-417
-775
-432
659
245
272
762
-197
-531
135
52
827
-894
910
-782
-796
-691
-577
922
520
-403
-703
768
-445
-145
-811
829
948
596
-726
458
8
778
-981
-795
-774
514
331
-366
-936
959
-877
868
570
711
-630
669
392
-974
717
867
-257
-842
-298
-58
-104
146
-348
-411
-251
351
-684
-939
41
-938
-697
109
-223
-524
380
341
-583
-620
697
-209
401
824
0
533
-434
-885
-103
139
21
451
231
796
-955
473
636
900
559
-903
-671
928
752
-108
199
416
406
-652
265
-161
496
333
555
223
617
-950
478
280
813
-182
742
-96
354
972
887
-182
40
217
497
193
-417
722
144
63
635
292
-859
322
-979
910
147
146
745
980
-289
-374
-672
-438
793
444
-968
936
342
-608
-446
785
-12
555
733
322
903
963
836
-321
908
-470
993
845
875
89
-661
-496
500
343
-576
45
488
-473
456
-908
-755
621
-66
-164
-899
-106
248
511
164
-379
-210
-705
836
767
147
981
-923
-544
-55
-300
-538
39
894
-966
108
571
603
-183
525
-486
-265
935
448
-531
43
-553
733
763
874
-663
355
689
687
-796
589
-775
-842
204
421
-967
421
564
271
557
-972
-31
71
38
-834
146
770
-762
715
949
-671
711
697
258
266
-583
-318
-987
-183
497
-286
-319
-233
19
-679
-511
-977
511
164
711
-12
92
899
-663
-201
-989
808
445
-514
412
754
-445
-874
-871
43
324
41
-665
734
-153
117
843
-27
-80
-710
893
-97
-463
-722
-794
-272
974
610
-848
-523
732
-985
821
37
-313
248
813
-976
-264
-609
571
-957
-741
-289
57
-93
715
-867
590
-622
676
-612
-346
-17
-388
-106
-505
482
-249
-556
312
-458
307
-245
-139
175
412
-57
278
511
-963
-13
-57
-529
242
240
-812
889
-947
-942
-339
656
269
-395
173
451
-459
-110
819
606
-999
-888
206
-310
781
366
-414
-646
719
771
708
11
-435
-909
-781
-87
14
-93
395
-821
858
396
-956
-652
580
796
381
12
-288
599
-320
-908
246
-450
-467
326
-567
-490
514
521
270
243
67
136
-8
-809
-569
-231
879
301
-595
91
692
-36
788
-196
-947
-869
273
-820
-923
-334
-358
-254
570
3
-949
-329
105
160
226
-567
291
-815
381
-694
-450
-910
675
-751
700
327
12
751
-322
892
4
-810
694
90
-94
286
-848
-951
-666
-816
621
-970
-415
-245
-798
-400
-635
662
-430
-266
-262
-242
35
-101
111
-621
908
199
69
96
-498
620
868
-517
73
466
-601
-530
11
-983
444
838
608
503
19
424
-309
-570
-363
-409
456
-661
289
-463
-196
-953
-40
-7
492
-556
-507
877
414
904
615
-528
-680
365
936
686
296
153
-274
950
303
-394
-699
-667
-898
-439
-190
415
862
763
247
505
-222
271
-496
-258
7
904
261
-343
-777
-189
-454
759
129
-793
760
-301
-794
-647
995
575
-959
836
442
-48
-472
214
-286
144
263
80
-111
334
-560
-378
-909
86
-434
731
417
811
-696
-280
-979
-241
-243
-279
-822
89
506
-177
-873
-419
-283
2
514
-437
-377
-74
242
597
-303
678
-448
508
836
-534
129
-701
850
391
63
527
593
-677
-534
-301
-978
-48
561
-753
523
-917
64
649
793
225
652
-740
605
-455
-650
408
-236
-744
-363
325
572
477
-910
468
-902
661
-633
806
-413
-377
367
618
306
-745
-660
375
147
967
807
-730
290
-61
54
-50
252
232
56
-977
627
-174
609
894
-179
-356
-494
-508
-886
-369
558
-538
-651
-61
273
-631
-447
299
10
491
828
-381
-580
-251
-209
891
-20
351
909
-541
440
701
10
-286
992
-862
313
270
-26
-918
-736
705
-74
118
-499
-100
796
-385
269
-935
-872
423
581
-503
-967
-794
446
140
-246
997
-522
-987
-354
511
-799
-444
-625
-207
346
-33
154
762
-525
597
-173
214
230
-553
611
-165
-477
846
-686
811
-17
-630
-166
-431
961
58
760
230
-571
992
-121
337
-949
-698
409
-596
776
662
765
869
-762
-663
676
999
284
835
-546
-683
-54
248
-750
111
172
322
-923
-419
-389
329
447
209
789
-195
407
876
-29
214
807
333
-975
594
-408
551
-392
263
952
-463
974
630
125
164
-267
-811
-320
587
851
-254
-925
799
229
-51
323
901
153
177
-439
-365
-63
868
-654
751
-925
314
-519
-230
-802
29
-803
704
174
-288
486
-710
638
901
-588
318
283
-648
-793
-412
212
-773
-37
89
674
-857
734
935
487
-851
863
643
-529
685
341
-700
188
600
15
-814
320
-726
-540
423
-17
-72
-685
-804
-704
-841
-88
-870
519
-215
-999
-634
69
52
382
-91
721
259
260
-193
-678
885
-858
727
319
-746
73
-514
410
819
-965
101
646
124
321
923
-723
-502
693
-583
-326
557
-864
141
619
562
21
504
-699
709
500
-147
298
401
-81
450
893
581
99
-85
6
164
260
-323
-927
658
-574
-983
180
-984
115
-746
-241
-210
127
-369
-834
649
234
-523
452
323
608
202
631
-964
-232
-319
776
484
885
599
-770
-561
-754
-685
-730
12
-315
806
518
670
-195
260
422
-957
-203
869
-885
598
663
400
-38
240
-326
91
-882
902
847
444
397
179
-714
-523
770
-915
-831
-7
806
-21
219
-569
-632
-270
454
863
873
-813
31
699
432
-994
14
-345
-819
908
847
565
-884
426
377
-426
-254
193
216
298
-127
-142
264
-500
812
-335
210
-155
369
-222
-188
308
-116
406
778
-223
-352
784
54
439
-978
91
-658
486
545
347
643
721
377
366
656
626
350
823
-168
438
-19
-513
903
815
-277
710
697
648
-212
197
47
573
-144
-844
-385
760
-41
862
434
524
-111
-284
991
347
-596
-147
-353
-164
576
-640
234
221
571
-822
-396
919
193
732
984
752
484
-631
-89
-631
708
-343
589
-562
31
-391
-538
-834
193
-103
-172
-276
-493
-884
294
-884
-515
-838
894
-923
400
-219
-316
548
-893
366
-386
300
-570
44
506
259
424
135
-69
107
837
31
-174
709
-936
566
627
941
927
-64
-239
-533
578
232
299
45
850
-349
574
-93
354
443
590
-216
-352
-344
29
-851
-217
752
-339
-788
-459
-859
991
-738
674
-288
-79
895
-535
-599
-721
-298
-86
888
-1
978
863
458
-231
-990
384
108
976
511
-277
950
740
-241
127
-21
859
13
866
-736
481
748
-245
-364
-694
-703
489
-85
140
445
117
-242
605
539
947
-819
826
-313
214
820
900
596